set235_color;10;8;0;53.071;16;54;152;54;16;326;152;326
set235_color;11;8;0;64.847;18;48;162;48;18;336;162;336
set235_color;15;8;0;54.1239;49;52;192;52;49;339;192;339
set235_color;16;8;0;53.3834;65;72;194;72;65;331;194;331
set235_color;17;8;0;55.267;74;70;205;70;74;335;205;335
set235_color;18;8;0;52.4645;78;76;205;76;78;332;205;332
set235_color;19;8;0;55.0066;88;83;209;83;88;328;209;328
set235_color;20;8;0;58.1213;92;79;217;79;92;330;217;330
set235_color;21;8;0;56.6622;98;76;224;76;98;331;224;331
set235_color;22;8;0;55.2338;109;81;230;81;109;321;230;321
set235_color;23;8;0;55.2085;114;85;227;85;114;311;227;311
set235_color;24;8;0;55.095;120;92;230;92;120;313;230;313
set235_color;25;8;0;66.5283;120;93;232;93;120;318;232;318
set235_color;26;8;0;53.2427;133;102;241;102;133;319;241;319
set235_color;27;8;0;53.9199;141;105;245;105;141;313;245;313
set235_color;28;8;0;52.5714;146;110;252;110;146;324;252;324
set235_color;29;8;0;53.8096;146;109;256;109;146;328;256;328
set235_color;30;8;0;54.226;152;109;257;109;152;322;257;322
set235_color;31;8;0;57.5184;153;111;259;111;153;327;259;327
set235_color;32;8;0;55.3611;157;113;260;113;157;320;260;320
set235_color;33;8;0;55.123;159;118;259;118;159;319;259;319
set235_color;34;8;0;56.7338;171;133;262;133;171;316;262;316
set235_color;35;8;0;56.0782;172;135;262;135;172;317;262;317
set235_color;36;8;0;53.7927;176;143;264;143;176;320;264;320
set235_color;37;8;0;61.666;175;140;266;140;175;323;266;323
set235_color;38;8;0;53.0662;172;141;265;141;172;329;265;329
set235_color;39;8;0;60.5968;163;124;268;124;163;334;268;334
set235_color;40;8;0;52.1715;169;130;264;130;169;322;264;322
set235_color;41;8;0;56.775;169;128;268;128;169;325;268;325
set235_color;42;8;0;56.3465;169;132;264;132;169;322;264;322
set235_color;43;8;0;54.0272;170;135;261;135;170;318;261;318
set235_color;44;8;0;54.7637;174;146;258;146;174;315;258;315
set235_color;45;8;0;54.7676;175;148;258;148;175;316;258;316
set235_color;45;8;0;54.7676;197;35;339;35;197;321;339;321
set235_color;46;8;0;58.6597;176;152;256;152;176;314;256;314
set235_color;46;8;0;58.6597;226;172;299;172;226;317;299;317
set235_color;47;8;0;56.0762;176;152;256;152;176;314;256;314
set235_color;47;8;0;56.0762;227;175;296;175;227;313;296;313
set235_color;48;8;0;55.7728;176;149;259;149;176;317;259;317
set235_color;49;8;0;54.8806;176;150;260;150;176;318;260;318
set235_color;50;8;0;52.825;175;150;257;150;175;315;257;315
set235_color;51;8;0;57.5087;172;150;256;150;172;320;256;320
set235_color;52;8;0;55.9221;171;150;255;150;171;319;255;319
set235_color;53;8;0;67.8149;167;153;253;153;167;326;253;326
set235_color;54;8;0;54.3603;169;154;253;154;169;322;253;322
set235_color;55;8;0;53.2095;162;158;246;158;162;329;246;329
set235_color;56;8;0;53.7825;162;157;246;157;162;326;246;326
set235_color;57;8;0;55.0094;158;157;244;157;158;330;244;330
set235_color;58;8;0;52.6993;156;156;243;156;156;330;243;330
set235_color;59;8;0;52.9544;158;158;241;158;158;324;241;324
set235_color;63;8;0;54.9914;166;158;245;158;166;316;245;316
set235_color;69;8;0;52.4097;158;161;236;161;158;318;236;318
set235_color;70;8;0;57.5316;158;158;238;158;158;320;238;320
set235_color;71;8;0;52.1542;158;158;242;158;158;328;242;328
set235_color;72;8;0;52.2043;158;158;242;158;158;328;242;328
set235_color;73;8;0;57.6411;158;154;246;154;158;332;246;332
set235_color;74;8;0;52.793;158;154;248;154;158;333;248;333
set235_color;75;8;0;54.6937;163;153;249;153;163;326;249;326
set235_color;76;8;0;57.4298;167;154;250;154;167;322;250;322
set235_color;77;8;0;51.9573;169;154;253;154;169;322;253;322
set235_color;78;8;0;54.4598;169;154;253;154;169;323;253;323
set235_color;79;8;0;55.433;170;153;260;153;170;331;260;331
set235_color;80;8;0;53.9377;174;149;261;149;174;324;261;324
set235_color;81;8;0;67.4256;175;149;261;149;175;322;261;322
set235_color;82;8;0;54.6672;175;146;261;146;175;319;261;319
set235_color;83;8;0;55.7671;175;144;265;144;175;323;265;323
set235_color;84;8;0;52.007;175;143;265;143;175;325;265;325
set235_color;85;8;0;55.1773;175;141;267;141;175;327;267;327
set235_color;86;8;0;52.0955;176;141;267;141;176;324;267;324
set235_color;87;8;0;54.0056;175;141;268;141;175;329;268;329
set235_color;88;8;0;52.9723;176;143;266;143;176;324;266;324
set235_color;89;8;0;53.6572;174;139;266;139;174;325;266;325
set235_color;90;8;0;55.7492;174;136;266;136;174;323;266;323
set235_color;91;8;0;53.9194;172;135;264;135;172;319;264;319
set235_color;92;8;0;53.6209;167;130;266;130;167;329;266;329
set235_color;93;8;0;53.4666;166;130;265;130;166;327;265;327
set235_color;94;8;0;58.2238;163;128;263;128;163;331;263;331
set235_color;95;8;0;53.51;162;132;258;132;162;326;258;326
set235_color;96;8;0;64.0731;162;131;262;131;162;330;262;330
set235_color;97;8;0;55.869;159;128;258;128;159;325;258;325
set235_color;98;8;0;55.9631;154;127;254;127;154;330;254;330
set235_color;99;8;0;56.6764;152;124;256;124;152;332;256;332
set235_color;100;8;0;54.8729;152;123;249;123;152;319;249;319
set235_color;101;8;0;54.5473;149;120;246;120;149;316;246;316
set235_color;102;8;0;52.1111;144;122;244;122;144;325;244;325
set235_color;103;8;0;51.9197;140;118;245;118;140;328;245;328
set235_color;104;8;0;51.9304;140;118;243;118;140;325;243;325
set235_color;105;8;0;57.1354;140;118;243;118;140;325;243;325
set235_color;106;8;0;54.9018;136;116;241;116;136;326;241;326
set235_color;107;8;0;53.4965;135;118;239;118;135;326;239;326
set235_color;108;8;0;53.4682;133;115;242;115;133;333;242;333
set235_color;109;8;0;54.2383;136;116;241;116;136;326;241;326
set235_color;110;8;0;61.3973;136;114;241;114;136;328;241;328
set235_color;113;8;0;56.0034;150;119;254;119;150;328;254;328
set235_color;114;8;0;52.8755;153;114;258;114;153;328;258;328
set235_color;115;8;0;52.1817;162;118;262;118;162;321;262;321
set235_color;122;8;0;54.2387;204;120;312;120;204;336;312;336
set235_color;123;8;0;54.3715;209;120;317;120;209;336;317;336
set235_color;124;8;0;60.094;222;122;327;122;222;331;327;331
set235_color;125;8;0;54.5341;235;122;335;122;235;325;335;325
set235_color;126;8;0;53.6538;240;123;340;123;240;323;340;323
set235_color;127;8;0;52.3365;243;122;343;122;243;323;343;323
set235_color;128;8;0;53.5459;244;122;344;122;244;326;344;326
set235_color;129;8;0;52.8111;249;123;349;123;249;326;349;326
set235_color;130;8;0;54.2676;257;124;356;124;257;321;356;321
set235_color;131;8;0;58.0545;257;128;353;128;257;322;353;322
set235_color;132;8;0;54.562;263;126;363;126;263;325;363;325
set235_color;133;8;0;53.8413;267;124;368;124;267;328;368;328
set235_color;134;8;0;53.9126;274;130;371;130;274;325;371;325
set235_color;185;8;0;55.6273;273;127;373;127;273;327;373;327
set235_color;186;8;0;55.6122;271;128;371;128;271;331;371;331
set235_color;187;8;0;54.5166;258;128;358;128;258;329;358;329
set235_color;188;8;0;55.2541;256;127;356;127;256;327;356;327
set235_color;189;8;0;53.5259;252;127;351;127;252;324;351;324
set235_color;190;8;0;53.0053;243;123;343;123;243;326;343;326
set235_color;191;8;0;56.6698;240;124;340;124;240;327;340;327
set235_color;192;8;0;55.6751;241;126;337;126;241;320;337;320
set235_color;193;8;0;56.4233;236;128;333;128;236;323;333;323
set235_color;194;8;0;60.1042;231;127;328;127;231;324;328;324
set235_color;195;8;0;58.8664;224;124;324;124;224;325;324;325
set235_color;196;8;0;51.7613;217;122;320;122;217;329;320;329
set235_color;197;8;0;52.0021;215;120;310;120;215;308;310;308
set235_color;198;8;0;55.6774;215;119;307;119;215;306;307;306
set235_color;199;8;0;55.3283;198;111;304;111;198;325;304;325
set235_color;200;8;0;52.8068;191;101;303;101;191;327;303;327
set235_color;201;8;0;57.3322;188;106;294;106;188;322;294;322
set235_color;202;8;0;56.3227;176;98;295;98;176;338;295;338
set235_color;203;8;0;53.1251;174;100;289;100;174;331;289;331
set235_color;204;8;0;56.0407;170;101;284;101;170;331;284;331
set235_color;205;8;0;54.192;166;101;276;101;166;324;276;324
set235_color;206;8;0;55.4852;157;100;270;100;157;329;270;329
set235_color;207;8;0;56.7676;150;94;269;94;150;333;269;333
set235_color;208;8;0;52.5968;140;91;255;91;140;325;255;325
set235_color;209;8;0;64.0971;132;91;254;91;132;336;254;336
set235_color;210;8;0;58.6494;126;85;249;85;126;333;249;333
set235_color;211;8;0;53.9672;120;81;243;81;120;328;243;328
set235_color;212;8;0;52.8689;116;84;237;84;116;326;237;326
set235_color;213;8;0;54.9634;107;84;229;84;107;329;229;329
set235_color;214;8;0;61.6497;101;83;227;83;101;334;227;334
set235_color;215;8;0;55.3112;88;76;219;76;88;341;219;341
set235_color;216;8;0;53.8907;81;75;211;75;81;336;211;336
set235_color;217;8;0;58.658;78;74;204;74;78;326;204;326
set235_color;218;8;0;54.4341;68;68;202;68;68;337;202;337
set235_color;221;8;0;52.1074;54;180;133;180;54;341;133;341
set235_color;340;8;0;55.3498;15;61;144;61;15;318;144;318
set235_color;341;8;0;53.8759;23;48;167;48;23;336;167;336
set235_color;342;8;0;55.2667;40;48;184;48;40;336;184;336
set235_color;343;8;0;53.2199;39;57;175;57;39;332;175;332
set235_color;344;8;0;52.5892;45;52;187;52;45;334;187;334
set235_color;345;8;0;53.2982;48;55;186;55;48;330;186;330
set235_color;346;8;0;52.2924;52;54;191;54;52;332;191;332
set235_color;347;8;0;53.453;53;49;201;49;53;345;201;345
set235_color;353;8;0;54.831;105;71;232;71;105;327;232;327
set235_color;354;8;0;53.5695;111;78;238;78;111;334;238;334
set235_color;355;8;0;54.1556;114;74;243;74;114;333;243;333
set235_color;356;8;0;54.7056;116;79;241;79;116;330;241;330
set235_color;357;8;0;54.784;124;83;246;83;124;328;246;328
set235_color;358;8;0;53.2053;126;85;247;85;126;328;247;328
set235_color;359;8;0;52.0252;130;88;251;88;130;332;251;332
set235_color;360;8;0;56.7852;133;88;251;88;133;326;251;326
set235_color;366;8;0;52.2512;133;101;251;101;133;339;251;339
set235_color;367;8;0;51.8745;135;106;248;106;135;332;248;332
set235_color;368;8;0;52.6155;136;116;245;116;136;335;245;335
set235_color;368;8;0;52.6155;36;24;105;24;36;162;105;162
set235_color;369;8;0;57.2326;135;109;245;109;135;330;245;330
set235_color;372;8;0;54.7587;139;137;244;137;139;349;244;349
set235_color;373;8;0;51.9179;169;215;242;215;169;360;242;360
set235_color;375;8;0;55.8215;150;153;219;153;150;291;219;291
set235_color;376;8;0;53.8976;133;130;238;130;133;343;238;343
set235_color;377;8;0;52.0762;137;132;236;132;137;331;236;331
set235_color;378;8;0;57.2696;133;127;237;127;133;336;237;336
set235_color;379;8;0;55.5689;132;127;235;127;132;332;235;332
set235_color;379;8;0;55.5689;243;18;317;18;243;167;317;167
set235_color;380;8;0;56.1356;137;135;232;135;137;326;232;326
set235_color;381;8;0;52.2002;136;140;229;140;136;327;229;327
set235_color;381;8;0;52.2002;292;35;447;35;292;344;447;344
set235_color;382;8;0;53.039;233;23;364;23;233;287;364;287
set235_color;382;8;0;53.039;132;130;233;130;132;334;233;334
set235_color;383;8;0;54.53;241;23;375;23;241;289;375;289
set235_color;383;8;0;54.53;135;143;228;143;135;330;228;330
set235_color;384;8;0;55.5066;246;29;388;29;246;311;388;311
set235_color;384;8;0;55.5066;128;139;223;139;128;330;223;330
set235_color;385;8;0;54.0304;124;137;220;137;124;331;220;331
set235_color;385;8;0;54.0304;245;31;389;31;245;321;389;321
set235_color;386;8;0;55.8599;248;29;396;29;248;327;396;327
set235_color;386;8;0;55.8599;126;145;218;145;126;329;218;329
set235_color;387;8;0;54.4177;253;33;401;33;253;331;401;331
set235_color;387;8;0;54.4177;124;146;215;146;124;329;215;329
set235_color;388;8;0;52.009;119;146;211;146;119;332;211;332
set235_color;388;8;0;52.009;260;37;412;37;260;341;412;341
set235_color;389;8;0;54.5951;260;40;412;40;260;344;412;344
set235_color;389;8;0;54.5951;120;149;207;149;120;324;207;324
set235_color;390;8;0;56.1839;260;41;408;41;260;339;408;339
set235_color;390;8;0;56.1839;118;141;209;141;118;324;209;324
set235_color;391;8;0;55.4831;261;42;408;42;261;338;408;338
set235_color;391;8;0;55.4831;115;141;206;141;115;324;206;324
set235_color;392;8;0;61.6632;260;46;407;46;260;340;407;340
set235_color;392;8;0;61.6632;115;143;206;143;115;326;206;326
set235_color;393;8;0;56.4827;261;48;412;48;261;351;412;351
set235_color;393;8;0;56.4827;115;144;205;144;115;326;205;326
set235_color;394;8;0;54.2605;260;52;409;52;260;351;409;351
set235_color;394;8;0;54.2605;114;141;204;141;114;323;204;323
set235_color;395;8;0;53.2524;263;58;405;58;263;344;405;344
set235_color;395;8;0;53.2524;116;145;206;145;116;326;206;326
set235_color;396;8;0;54.3315;265;63;401;63;265;336;401;336
set235_color;396;8;0;54.3315;115;150;201;150;115;323;201;323
set235_color;397;8;0;54.4835;267;71;401;71;267;340;401;340
set235_color;397;8;0;54.4835;114;141;205;141;114;324;205;324
set235_color;398;8;0;60.0286;267;74;401;74;267;342;401;342
set235_color;398;8;0;60.0286;114;141;205;141;114;324;205;324
set235_color;399;8;0;56.0659;267;78;398;78;267;343;398;343
set235_color;399;8;0;56.0659;119;146;207;146;119;324;207;324
set235_color;400;8;0;55.9328;270;80;397;80;270;336;397;336
set235_color;400;8;0;55.9328;118;149;202;149;118;320;202;320
set235_color;401;8;0;54.3088;273;87;395;87;273;332;395;332
set235_color;401;8;0;54.3088;120;146;203;146;120;314;203;314
set235_color;402;8;0;53.3143;267;84;393;84;267;339;393;339
set235_color;402;8;0;53.3143;120;146;210;146;120;327;210;327
set235_color;403;8;0;54.5657;269;87;392;87;269;335;392;335
set235_color;403;8;0;54.5657;120;149;206;149;120;323;206;323
set235_color;404;8;0;54.7234;265;89;390;89;265;340;390;340
set235_color;404;8;0;54.7234;124;148;212;148;124;325;212;325
set235_color;405;8;0;54.5451;262;89;389;89;262;345;389;345
set235_color;405;8;0;54.5451;124;146;216;146;124;330;216;330
set235_color;406;8;0;53.3113;261;97;386;97;261;346;386;346
set235_color;406;8;0;53.3113;128;143;218;143;128;321;218;321
set235_color;407;8;0;66.6792;261;102;383;102;261;349;383;349
set235_color;407;8;0;66.6792;130;141;221;141;130;324;221;324
set235_color;408;8;0;55.3518;265;106;378;106;265;333;378;333
set235_color;408;8;0;55.3518;132;143;222;143;132;325;222;325
set235_color;409;8;0;56.2625;263;107;376;107;263;333;376;333
set235_color;409;8;0;56.2625;137;150;224;150;137;325;224;325
set235_color;410;8;0;52.5222;266;111;375;111;266;329;375;329
set235_color;410;8;0;52.5222;141;152;227;152;141;325;227;325
set235_color;411;8;0;58.1048;263;110;373;110;263;331;373;331
set235_color;411;8;0;58.1048;140;150;227;150;140;325;227;325
set235_color;412;8;0;73.5967;262;110;375;110;262;337;375;337
set235_color;412;8;0;73.5967;144;150;232;150;144;327;232;327
set235_color;413;8;0;77.5117;265;113;375;113;265;332;375;332
set235_color;413;8;0;77.5117;139;143;229;143;139;325;229;325
set235_color;414;8;0;64.6464;265;115;374;115;265;333;374;333
set235_color;414;8;0;64.6464;141;149;228;149;141;324;228;324
set235_color;415;8;0;53.2347;266;122;371;122;266;332;371;332
set235_color;415;8;0;53.2347;144;152;230;152;144;325;230;325
set235_color;416;8;0;55.2616;265;120;375;120;265;343;375;343
set235_color;416;8;0;55.2616;144;148;232;148;144;326;232;326
set235_color;417;8;0;56.1426;266;123;371;123;266;337;371;337
set235_color;417;8;0;56.1426;143;141;235;141;143;327;235;327
set235_color;418;8;0;53.5659;266;126;371;126;266;340;371;340
set235_color;418;8;0;53.5659;146;148;233;148;146;325;233;325
set235_color;419;8;0;56.8358;267;127;371;127;267;336;371;336
set235_color;419;8;0;56.8358;144;135;239;135;144;325;239;325
set235_color;420;8;0;63.1534;269;128;372;128;269;333;372;333
set235_color;420;8;0;63.1534;148;136;240;136;148;323;240;323
set235_color;421;8;0;53.8937;270;130;371;130;270;334;371;334
set235_color;421;8;0;53.8937;153;137;239;137;153;310;239;310
set235_color;422;8;0;53.2061;269;130;370;130;269;334;370;334
set235_color;422;8;0;53.2061;153;137;239;137;153;310;239;310
set235_color;422;8;0;53.2061;330;171;404;171;330;318;404;318
set235_color;423;8;0;54.6145;270;131;370;131;270;334;370;334
set235_color;423;8;0;54.6145;157;139;244;139;157;313;244;313
set235_color;424;8;0;62.8284;273;135;366;135;273;323;366;323
set235_color;424;8;0;62.8284;159;137;245;137;159;310;245;310
set235_color;425;8;0;67.8567;166;137;249;137;166;305;249;305
set235_color;425;8;0;67.8567;271;139;363;139;271;323;363;323
set235_color;426;8;0;64.3487;169;133;260;133;169;316;260;316
set235_color;426;8;0;64.3487;266;143;356;143;266;322;356;322
set235_color;427;8;0;58.3333;263;145;353;145;263;324;353;324
set235_color;427;8;0;58.3333;174;130;269;130;174;322;269;322
set235_color;428;8;0;77.262;174;128;274;128;174;329;274;329
set235_color;428;8;0;77.262;263;148;353;148;263;327;353;327
set235_color;429;8;0;63.8485;179;123;283;123;179;332;283;332
set235_color;429;8;0;63.8485;258;144;349;144;258;327;349;327
set235_color;430;8;0;57.7719;179;123;280;123;179;328;280;328
set235_color;430;8;0;57.7719;256;144;346;144;256;326;346;326
set235_color;431;8;0;55.3065;254;145;344;145;254;328;344;328
set235_color;431;8;0;55.3065;188;124;288;124;188;323;288;323
set235_color;432;8;0;53.4094;185;116;290;116;185;326;290;326
set235_color;432;8;0;53.4094;254;146;344;146;254;328;344;328
set235_color;433;8;0;60.3671;189;116;294;116;189;326;294;326
set235_color;433;8;0;60.3671;253;148;341;148;253;326;341;326
set235_color;434;8;0;55.5691;196;116;301;116;196;328;301;328
set235_color;434;8;0;55.5691;253;149;337;149;253;318;337;318
set235_color;435;8;0;53.8668;233;141;324;141;233;325;324;325
set235_color;436;8;0;54.9754;244;149;332;149;244;327;332;327
set235_color;437;8;0;55.3977;244;148;332;148;244;325;332;325
set235_color;438;8;0;58.3904;246;146;330;146;246;315;330;315
set235_color;439;8;0;55.6896;252;149;335;149;252;317;335;317
set235_color;440;8;0;55.8207;256;154;335;154;256;316;335;316
set235_color;445;8;0;58.0819;249;114;355;114;249;330;355;330
set235_color;446;8;0;53.4529;248;132;344;132;248;326;344;326
set235_color;447;8;0;63.2664;250;115;360;115;250;336;360;336
set235_color;448;8;0;55.8617;254;114;362;114;254;332;362;332
set235_color;449;8;0;54.1516;257;114;369;114;257;340;369;340
set235_color;450;8;0;52.5719;265;114;375;114;265;335;375;335
set235_color;450;8;0;52.5719;292;29;434;29;292;315;434;315
set235_color;451;8;0;52.9713;266;116;372;116;266;332;372;332
set235_color;452;8;0;53.5338;274;116;380;116;274;330;380;330
set235_color;453;8;0;58.2899;287;116;387;116;287;320;387;320
set235_color;454;8;0;57.1788;286;114;389;114;286;321;389;321
set235_color;455;8;0;57.002;282;111;390;111;282;329;390;329
set235_color;455;8;0;57.002;249;161;324;161;249;313;324;313
set235_color;456;8;0;62.7661;299;116;398;116;299;315;398;315
set235_color;456;8;0;62.7661;250;162;325;162;250;314;325;314
set235_color;457;8;0;72.2731;302;116;403;116;302;321;403;321
set235_color;457;8;0;72.2731;252;163;326;163;252;312;326;312
set235_color;458;8;0;68.7848;304;118;403;118;304;317;403;317
set235_color;458;8;0;68.7848;253;167;327;167;253;314;327;314
set235_color;459;8;0;59.5247;305;118;404;118;305;317;404;317
set235_color;459;8;0;59.5247;254;162;331;162;254;315;331;315
set235_color;460;8;0;56.1587;315;119;405;119;315;300;405;300
set235_color;460;8;0;56.1587;253;161;333;161;253;323;333;323
set235_color;461;8;0;69.6957;317;119;409;119;317;305;409;305
set235_color;461;8;0;69.6957;254;159;334;159;254;321;334;321
set235_color;462;8;0;52.0474;322;119;414;119;322;305;414;305
set235_color;462;8;0;52.0474;260;163;338;163;260;320;338;320
set235_color;463;8;0;54.5499;325;119;420;119;325;307;420;307
set235_color;463;8;0;54.5499;262;163;336;163;262;312;336;312
set235_color;464;8;0;55.0761;328;118;423;118;328;309;423;309
set235_color;464;8;0;55.0761;263;163;337;163;263;312;337;312
set235_color;465;8;0;57.2077;336;119;427;119;336;302;427;302
set235_color;465;8;0;57.2077;265;165;340;165;265;318;340;318
set235_color;466;8;0;56.9117;340;116;436;116;340;310;436;310
set235_color;466;8;0;56.9117;266;167;344;167;266;324;344;324
set235_color;467;8;0;54.4064;343;119;442;119;343;316;442;316
set235_color;467;8;0;54.4064;266;169;340;169;266;318;340;318
set235_color;468;8;0;57.515;343;116;444;116;343;320;444;320
set235_color;468;8;0;57.515;265;171;339;171;265;319;339;319
set235_color;469;8;0;54.725;352;118;451;118;352;317;451;317
set235_color;469;8;0;54.725;266;172;339;172;266;317;339;317
set235_color;470;8;0;54.1893;353;120;449;120;353;315;449;315
set235_color;470;8;0;54.1893;266;174;336;174;266;316;336;316
set235_color;471;8;0;57.9737;357;120;456;120;357;319;456;319
set235_color;471;8;0;57.9737;265;172;338;172;265;317;338;317
set235_color;472;8;0;58.5578;358;120;453;120;358;314;453;314
set235_color;472;8;0;58.5578;265;172;338;172;265;317;338;317
set235_color;473;8;0;53.2896;360;120;457;120;360;316;457;316
set235_color;473;8;0;53.2896;266;174;336;174;266;316;336;316
set235_color;474;8;0;62.9778;364;123;457;123;364;311;457;311
set235_color;474;8;0;62.9778;265;175;335;175;265;317;335;317
set235_color;475;8;0;70.2091;262;174;332;174;262;316;332;316
set235_color;475;8;0;70.2091;366;126;458;126;366;312;458;312
set235_color;476;8;0;69.1141;369;127;460;127;369;310;460;310
set235_color;476;8;0;69.1141;262;174;332;174;262;316;332;316
set235_color;477;8;0;75.9842;371;131;461;131;371;313;461;313
set235_color;478;8;0;62.6168;371;132;463;132;371;316;463;316
set235_color;478;8;0;62.6168;260;175;329;175;260;313;329;313
set235_color;479;8;0;57.5736;373;131;464;131;373;314;464;314
set235_color;479;8;0;57.5736;254;174;324;174;254;316;324;316
set235_color;480;8;0;58.8191;371;132;464;132;371;320;464;320
set235_color;481;8;0;56.7588;373;130;468;130;373;322;468;322
set235_color;482;8;0;55.9673;374;127;471;127;374;323;471;323
set235_color;483;8;0;56.8512;373;124;473;124;373;323;473;323
set235_color;484;8;0;53.4839;371;120;472;120;371;324;472;324
set235_color;485;8;0;55.5928;373;124;473;124;373;323;473;323
set235_color;486;8;0;55.0217;371;113;476;113;371;323;476;323
set235_color;487;8;0;58.0053;371;111;476;111;371;324;476;324
set235_color;487;8;0;58.0053;258;119;355;119;258;314;355;314
set235_color;488;8;0;74.3694;373;116;477;116;373;324;477;324
set235_color;489;8;0;71.1797;380;135;471;135;380;318;471;318
set235_color;490;8;0;62.6312;380;135;471;135;380;318;471;318
set235_color;493;8;0;52.4449;193;174;263;174;193;316;263;316
set235_color;494;8;0;58.83;195;175;264;175;195;313;264;313
set235_color;496;8;0;52.4334;178;175;247;175;178;313;247;313
set235_color;497;8;0;54.9386;170;174;240;174;170;316;240;316
set235_color;500;8;0;52.1906;159;174;229;174;159;316;229;316
set235_color;507;8;0;55.0758;122;166;201;166;122;323;201;323
set235_color;509;8;0;55.1106;116;161;191;161;116;313;191;313
set235_color;521;8;0;52.1067;88;144;179;144;88;327;179;327
set235_color;522;8;0;54.967;87;143;180;143;87;331;180;331
set235_color;523;8;0;55.9322;81;140;177;140;81;334;177;334
set235_color;524;8;0;52.039;80;139;175;139;80;330;175;330
set235_color;525;8;0;54.9202;78;135;178;135;78;335;178;335
set235_color;526;8;0;53.2384;75;132;175;132;75;336;175;336
set235_color;527;8;0;53.7037;76;130;177;130;76;335;177;335
set235_color;533;8;0;53.2256;105;146;195;146;105;325;195;325
set235_color;534;8;0;57.086;98;126;199;126;98;331;199;331
set235_color;537;8;0;57.9919;373;127;469;127;373;321;469;321
set235_color;538;8;0;53.8057;371;130;466;130;371;324;466;324
set235_color;539;8;0;53.8522;104;116;209;116;104;326;209;326
set235_color;539;8;0;53.8522;369;123;469;123;369;326;469;326
set235_color;540;8;0;52.8336;102;109;217;109;102;340;217;340
set235_color;540;8;0;52.8336;362;122;466;122;362;331;466;331
set235_color;541;8;0;53.7801;105;107;220;107;105;341;220;341
set235_color;541;8;0;53.7801;360;123;463;123;360;330;463;330
set235_color;542;8;0;56.4306;109;104;224;104;109;338;224;338
set235_color;542;8;0;56.4306;357;123;458;123;357;327;458;327
set235_color;543;8;0;58.0704;114;101;229;101;114;332;229;332
set235_color;543;8;0;58.0704;349;126;448;126;349;325;448;325
set235_color;544;8;0;65.0787;114;101;229;101;114;332;229;332
set235_color;544;8;0;65.0787;341;120;444;120;341;328;444;328
set235_color;545;8;0;52.8492;114;101;229;101;114;332;229;332
set235_color;545;8;0;52.8492;340;120;439;120;340;317;439;317
set235_color;546;8;0;58.7301;123;101;238;101;123;332;238;332
set235_color;546;8;0;58.7301;336;118;435;118;336;317;435;317
set235_color;547;8;0;56.6877;123;98;241;98;123;336;241;336
set235_color;547;8;0;56.6877;332;119;432;119;332;319;432;319
set235_color;548;8;0;54.799;327;118;423;118;327;312;423;312
set235_color;548;8;0;54.799;128;96;249;96;128;336;249;336
set235_color;549;8;0;52.9537;136;92;255;92;136;332;255;332
set235_color;549;8;0;52.9537;323;119;418;119;323;313;418;313
set235_color;550;8;0;53.9502;321;122;416;122;321;314;416;314
set235_color;550;8;0;53.9502;140;87;265;87;140;336;265;336
set235_color;551;8;0;58.0396;145;87;267;87;145;332;267;332
set235_color;551;8;0;58.0396;312;116;412;116;312;315;412;315
set235_color;552;8;0;54.3563;148;84;273;84;148;335;273;335
set235_color;552;8;0;54.3563;304;115;404;115;304;315;404;315
set235_color;553;8;0;52.8105;159;89;274;89;159;323;274;323
set235_color;553;8;0;52.8105;306;118;398;118;306;304;398;304
set235_color;554;8;0;57.5427;156;80;287;80;156;342;287;342
set235_color;554;8;0;57.5427;304;116;396;116;304;302;396;302
set235_color;555;8;0;52.4462;163;80;289;80;163;333;289;333
set235_color;555;8;0;52.4462;283;109;389;109;283;325;389;325
set235_color;556;8;0;53.9316;166;83;292;83;166;338;292;338
set235_color;556;8;0;53.9316;289;114;384;114;289;308;384;308
set235_color;557;8;0;52.7234;179;89;297;89;179;328;297;328
set235_color;557;8;0;52.7234;278;107;383;107;278;320;383;320
set235_color;558;8;0;62.6738;184;78;307;78;184;325;307;325
set235_color;558;8;0;62.6738;263;102;378;102;263;336;378;336
set235_color;559;8;0;52.5931;265;109;375;109;265;328;375;328
set235_color;559;8;0;52.5931;185;70;319;70;185;339;319;339
set235_color;560;8;0;54.5829;248;98;358;98;248;317;358;317
set235_color;561;8;0;53.4394;230;84;351;84;230;329;351;329
set235_color;562;8;0;53.7938;214;63;350;63;214;336;350;336
set235_color;563;8;0;56.0946;226;68;357;68;226;333;357;333
set235_color;564;8;0;56.9529;224;63;371;63;224;357;371;357
set235_color;565;8;0;53.7016;230;57;374;57;230;347;374;347
set235_color;567;8;0;53.6434;209;98;321;98;209;324;321;324
set235_color;568;8;0;58.6406;265;59;400;59;265;329;400;329
set235_color;568;8;0;58.6406;217;111;314;111;217;308;314;308
set235_color;569;8;0;57.9482;271;50;406;50;271;322;406;322
set235_color;569;8;0;57.9482;204;110;312;110;204;326;312;326
set235_color;570;8;0;52.4423;197;106;307;106;197;331;307;331
set235_color;570;8;0;52.4423;283;53;422;53;283;330;422;330
set235_color;571;8;0;51.9816;291;50;430;50;291;329;430;329
set235_color;571;8;0;51.9816;197;109;300;109;197;314;300;314
set235_color;572;8;0;55.0258;305;52;439;52;305;320;439;320
set235_color;572;8;0;55.0258;188;105;296;105;188;322;296;322
set235_color;573;8;0;59.265;182;94;292;94;182;317;292;317
set235_color;574;8;0;53.4034;178;100;287;100;178;318;287;318
set235_color;575;8;0;54.126;170;98;285;98;170;333;285;333
set235_color;576;8;0;53.2784;187;119;266;119;187;276;266;276
set235_color;576;8;0;53.2784;367;66;440;66;367;211;440;211
set235_color;577;8;0;57.9801;162;92;276;92;162;321;276;321
set235_color;578;8;0;55.8139;367;32;523;32;367;344;523;344
set235_color;578;8;0;55.8139;152;85;269;85;152;320;269;320
set235_color;579;8;0;54.6424;377;35;524;35;377;331;524;331
set235_color;579;8;0;54.6424;144;84;266;84;144;329;266;329
set235_color;580;8;0;56.0601;384;31;536;31;384;338;536;338
set235_color;580;8;0;56.0601;141;88;258;88;141;323;258;323
set235_color;581;8;0;52.5527;131;81;252;81;131;325;252;325
set235_color;581;8;0;52.5527;408;40;555;40;408;335;555;335
set235_color;582;8;0;52.2965;124;83;249;83;124;334;249;334
set235_color;582;8;0;52.2965;425;46;569;46;425;336;569;336
set235_color;583;8;0;54.1028;116;70;247;70;116;335;247;335
set235_color;584;8;0;58.7573;107;70;242;70;107;342;242;342
set235_color;585;8;0;51.9896;104;78;235;78;104;339;235;339
set235_color;586;8;0;57.8055;94;57;236;57;94;339;236;339
set235_color;587;8;0;59.7607;97;63;233;63;97;336;233;336
set235_color;587;8;0;59.7607;482;71;614;71;482;337;614;337
set235_color;588;8;0;54.194;93;70;227;70;93;339;227;339
set235_color;588;8;0;54.194;488;75;618;75;488;335;618;335
set235_color;589;8;0;52.4096;79;55;223;55;79;345;223;345
set235_color;590;8;0;52.5125;70;48;218;48;70;344;218;344
set235_color;592;8;0;53.6897;50;42;202;42;50;345;202;345
set235_color;593;8;0;52.0701;42;42;194;42;42;345;194;345
set235_color;595;8;0;54.0551;32;40;179;40;32;334;179;334
set235_color;596;8;0;56.9282;27;35;184;35;27;348;184;348
set235_color;597;8;0;53.3105;26;33;175;33;26;332;175;332
set235_color;598;8;0;53.4335;19;27;171;27;19;330;171;330
set235_color;599;8;0;57.7429;18;35;165;35;18;330;165;330
set235_color;613;8;0;53.3014;18;53;160;53;18;338;160;338
set235_color;614;8;0;55.0406;18;53;160;53;18;338;160;338
set235_color;616;8;0;54.9855;33;139;133;139;33;342;133;342
set235_color;634;8;0;57.8441;549;239;618;239;549;379;618;379
set235_color;637;8;0;53.21;422;230;518;230;422;424;518;424
set235_color;641;8;0;53.138;227;176;298;176;227;319;298;319
set235_color;644;8;0;56.4272;237;148;316;148;237;309;316;309
set235_color;645;8;0;52.1533;364;20;438;20;364;169;438;169
set235_color;645;8;0;52.1533;480;232;553;232;480;379;553;379
set235_color;646;8;0;55.883;384;128;490;128;384;342;490;342
set235_color;646;8;0;55.883;360;29;434;29;360;178;434;178
set235_color;647;8;0;58.0448;357;32;431;32;357;183;431;183
set235_color;647;8;0;58.0448;384;131;481;131;384;327;481;327
set235_color;648;8;0;56.174;382;128;482;128;382;327;482;327
set235_color;649;8;0;57.8914;378;123;483;123;378;336;483;336
set235_color;649;8;0;57.8914;280;171;357;171;280;324;357;324
set235_color;649;8;0;57.8914;360;35;429;35;360;177;429;177
set235_color;650;8;0;52.0297;279;157;361;157;279;322;361;322
set235_color;651;8;0;55.2676;274;119;371;119;274;314;371;314
set235_color;652;8;0;56.4909;276;120;373;120;276;316;373;316
set235_color;653;8;0;57.6007;283;120;383;120;283;321;383;321
set235_color;654;8;0;52.5327;284;109;389;109;284;318;389;318
set235_color;655;8;0;54.2161;289;106;394;106;289;320;394;320
set235_color;656;8;0;55.8379;302;111;402;111;302;310;402;310
set235_color;657;8;0;62.3768;306;102;410;102;306;311;410;311
set235_color;658;8;0;54.2425;318;102;418;102;318;306;418;306
set235_color;659;8;0;55.2844;388;23;517;23;388;282;517;282
set235_color;659;8;0;55.2844;317;97;423;97;317;313;423;313
set235_color;660;8;0;58.1001;328;109;429;109;328;313;429;313
set235_color;660;8;0;58.1001;393;126;501;126;393;344;501;344
set235_color;660;8;0;58.1001;382;24;520;24;382;301;520;301
set235_color;661;8;0;55.3565;380;29;520;29;380;310;520;310
set235_color;661;8;0;55.3565;332;100;442;100;332;323;442;323
set235_color;661;8;0;55.3565;403;137;506;137;403;344;506;344
set235_color;662;8;0;54.4235;380;31;518;31;380;308;518;308
set235_color;662;8;0;54.4235;332;96;445;96;332;325;445;325
set235_color;663;8;0;54.3345;335;96;445;96;335;318;445;318
set235_color;663;8;0;54.3345;382;31;521;31;382;310;521;310
set235_color;664;8;0;53.8195;380;32;522;32;380;315;522;315
set235_color;665;8;0;55.7322;379;33;526;33;379;329;526;329
set235_color;666;8;0;55.0088;377;33;532;33;377;344;532;344
set235_color;666;8;0;55.0088;357;111;452;111;357;301;452;301
set235_color;667;8;0;56.385;375;36;532;36;375;350;532;350
set235_color;668;8;0;59.1993;375;42;527;42;375;345;527;345
set235_color;669;8;0;52.3509;379;50;526;50;379;345;526;345
set235_color;670;8;0;55.7261;379;53;521;53;379;340;521;340
set235_color;671;8;0;60.8759;379;61;513;61;379;330;513;330
set235_color;672;8;0;54.2268;377;61;512;61;377;333;512;333
set235_color;673;8;0;53.9478;377;58;513;58;377;331;513;331
set235_color;674;8;0;52.0812;374;70;501;70;374;327;501;327
set235_color;675;8;0;58.0741;370;70;493;70;370;318;493;318
set235_color;676;8;0;57.8344;366;74;488;74;366;319;488;319
set235_color;677;8;0;54.8793;361;88;476;88;361;322;476;322
set235_color;678;8;0;52.3099;348;81;469;81;348;325;469;325
set235_color;679;8;0;53.4939;343;94;453;94;343;316;453;316
set235_color;680;8;0;52.7981;334;91;446;91;334;317;446;317
set235_color;681;8;0;55.9107;332;94;444;94;332;319;444;319
set235_color;682;8;0;53.27;330;98;439;98;330;317;439;317
set235_color;683;8;0;58.5309;321;101;426;101;321;314;426;314
set235_color;684;8;0;57.4505;317;102;425;102;317;320;425;320
set235_color;685;8;0;68.2589;312;111;412;111;312;315;412;315
set235_color;686;8;0;53.9184;302;116;402;116;302;319;402;319
set235_color;687;8;0;57.1176;304;123;399;123;304;313;399;313
set235_color;688;8;0;55.9076;287;119;388;119;287;324;388;324
set235_color;689;8;0;53.2104;289;123;384;123;289;313;384;313
set235_color;690;8;0;54.8445;289;122;382;122;289;310;382;310
set235_color;691;8;0;53.8732;287;123;383;123;287;317;383;317
set235_color;692;8;0;56.9314;287;127;380;127;287;314;380;314
set235_color;693;8;0;58.3188;286;123;383;123;286;319;383;319
set235_color;694;8;0;51.9505;287;127;379;127;287;313;379;313
set235_color;695;8;0;59.4803;283;131;373;131;283;312;373;312
set235_color;696;8;0;57.6994;284;127;377;127;284;315;377;315
set235_color;697;8;0;54.3237;282;118;385;118;282;325;385;325
set235_color;698;8;0;54.9436;286;116;387;116;286;320;387;320
set235_color;699;8;0;58.6973;288;120;387;120;288;319;387;319
set235_color;700;8;0;53.4434;287;131;382;131;287;321;382;321
set235_color;701;8;0;53.8555;288;132;383;132;288;323;383;323
set235_color;702;8;0;56.2723;305;144;388;144;305;310;388;310
set235_color;703;8;0;58.8995;306;149;388;149;306;314;388;314
set235_color;704;8;0;55.5642;312;146;395;146;312;314;395;314
set235_color;704;8;0;55.5642;276;170;350;170;276;321;350;321
set235_color;705;8;0;52.2211;312;148;396;148;312;318;396;318
set235_color;706;8;0;53.3825;317;149;400;149;317;317;400;317
set235_color;707;8;0;53.1387;318;146;401;146;318;314;401;314
set235_color;708;8;0;54.9131;321;149;403;149;321;313;403;313
set235_color;709;8;0;53.1336;323;153;402;153;323;311;402;311
set235_color;709;8;0;53.1336;206;109;307;109;206;314;307;314
set235_color;710;8;0;53.0878;323;154;402;154;323;312;402;312
set235_color;710;8;0;53.0878;206;109;307;109;206;314;307;314
set235_color;711;8;0;57.7791;323;154;402;154;323;312;402;312
set235_color;711;8;0;57.7791;552;236;622;236;552;378;622;378
set235_color;712;8;0;56.3639;200;127;297;127;200;323;297;323
set235_color;712;8;0;56.3639;323;153;401;153;323;310;401;310
set235_color;713;8;0;68.5292;323;154;402;154;323;312;402;312
set235_color;714;8;0;55.3058;322;153;401;153;322;314;401;314
set235_color;715;8;0;53.9463;322;153;402;153;322;315;402;315
set235_color;716;8;0;56.6453;322;154;401;154;322;316;401;316
set235_color;717;8;0;52.412;322;157;401;157;322;314;401;314
set235_color;718;8;0;57.9431;323;159;402;159;323;316;402;316
set235_color;719;8;0;54.294;325;161;404;161;325;318;404;318
set235_color;720;8;0;54.0927;325;162;403;162;325;318;403;318
set235_color;721;8;0;58.2253;323;159;398;159;323;311;398;311
set235_color;722;8;0;51.9672;325;161;399;161;325;312;399;312
set235_color;723;8;0;54.9417;325;161;399;161;325;312;399;312
set235_color;724;8;0;55.9246;325;161;399;161;325;312;399;312
set235_color;725;8;0;58.6722;326;163;399;163;326;308;399;308
set235_color;726;8;0;60.2731;323;162;397;162;323;309;397;309
set235_color;727;8;0;57.877;85;105;182;105;85;301;182;301
set235_color;727;8;0;57.877;323;162;397;162;323;309;397;309
set235_color;728;8;0;52.651;78;98;181;98;78;305;181;305
set235_color;728;8;0;52.651;323;163;394;163;323;307;394;307
set235_color;729;8;0;58.0202;62;96;171;96;62;315;171;315
set235_color;729;8;0;58.0202;318;163;392;163;318;312;392;312
set235_color;730;8;0;57.8546;58;93;171;93;58;320;171;320
set235_color;730;8;0;57.8546;315;162;393;162;315;318;393;318
set235_color;731;8;0;56.2457;313;162;390;162;313;315;390;315
set235_color;732;8;0;53.4033;309;166;383;166;309;317;383;317
set235_color;733;8;0;55.8413;306;165;381;165;306;318;381;318
set235_color;734;8;0;67.824;299;166;373;166;299;315;373;315
set235_color;735;8;0;72.9813;22;76;151;76;22;335;151;335
set235_color;735;8;0;72.9813;293;169;366;169;293;314;366;314
set235_color;736;8;0;57.2837;23;76;149;76;23;328;149;328
set235_color;736;8;0;57.2837;289;167;364;167;289;319;364;319
set235_color;737;8;0;52.5359;22;70;151;70;22;329;151;329
set235_color;737;8;0;52.5359;284;167;361;167;284;320;361;320
set235_color;738;8;0;58.5645;22;70;151;70;22;329;151;329
set235_color;738;8;0;58.5645;284;167;359;167;284;319;359;319
set235_color;739;8;0;52.1396;22;70;151;70;22;329;151;329
set235_color;739;8;0;52.1396;283;170;357;170;283;318;357;318
set235_color;740;8;0;66.0517;22;70;151;70;22;329;151;329
set235_color;740;8;0;66.0517;280;167;354;167;280;315;354;315
set235_color;741;8;0;58.731;22;70;151;70;22;329;151;329
set235_color;741;8;0;58.731;282;170;353;170;282;315;353;315
set235_color;741;8;0;58.731;28;141;127;141;28;340;127;340
set235_color;742;8;0;54.6477;22;65;156;65;22;334;156;334
set235_color;742;8;0;54.6477;282;171;353;171;282;315;353;315
set235_color;743;8;0;54.7646;29;132;135;132;29;348;135;348
set235_color;743;8;0;54.7646;276;169;349;169;276;316;349;316
set235_color;744;8;0;53.4649;271;166;346;166;271;318;346;318
set235_color;745;8;0;55.4058;270;166;347;166;270;319;347;319
set235_color;746;8;0;57.4372;266;167;341;167;266;319;341;319
set235_color;747;8;0;58.3541;257;163;336;163;257;321;336;321
set235_color;748;8;0;57.2382;256;165;335;165;256;323;335;323
set235_color;749;8;0;57.4292;249;162;329;162;249;324;329;324
set235_color;750;8;0;62.4815;249;162;328;162;249;322;328;322
set235_color;751;8;0;60.9718;246;162;325;162;246;324;325;324
set235_color;752;8;0;53.5707;246;162;325;162;246;324;325;324
set235_color;753;8;0;57.5433;246;163;325;163;246;323;325;323
set235_color;754;8;0;60.1168;245;162;325;162;245;326;325;326
set235_color;755;8;0;58.8815;245;162;325;162;245;324;325;324
set235_color;756;8;0;54.6053;248;162;328;162;248;324;328;324
set235_color;757;8;0;56.5964;249;162;329;162;249;324;329;324
set235_color;758;8;0;59.8349;250;163;329;163;250;324;329;324
set235_color;759;8;0;56.0475;249;162;331;162;249;327;331;327
set235_color;760;8;0;53.2542;253;165;332;165;253;326;332;326
set235_color;761;8;0;73.6674;253;165;332;165;253;326;332;326
set235_color;762;8;0;64.8827;256;163;335;163;256;323;335;323
set235_color;763;8;0;65.2588;257;163;337;163;257;325;337;325
set235_color;764;8;0;65.4091;195;74;321;74;195;329;321;329
set235_color;764;8;0;65.4091;262;163;339;163;262;316;339;316
set235_color;765;8;0;61.9045;263;166;337;166;263;317;337;317
set235_color;766;8;0;57.8994;266;169;340;169;266;320;340;320
set235_color;766;8;0;57.8994;205;74;330;74;205;323;330;323
set235_color;767;8;0;60.8838;211;74;336;74;211;323;336;323
set235_color;768;8;0;54.6823;233;128;329;128;233;323;329;323
set235_color;769;8;0;54.5691;228;94;343;94;228;324;343;324
set235_color;770;8;0;59.9334;233;100;346;100;233;326;346;326
set235_color;771;8;0;58.078;245;107;350;107;245;320;350;320
set235_color;772;8;0;60.9924;249;100;355;100;249;314;355;314
set235_color;774;8;0;62.558;260;97;369;97;260;316;369;316
set235_color;775;8;0;57.5217;269;104;373;104;269;313;373;313
set235_color;776;8;0;55.0922;269;104;373;104;269;313;373;313
set235_color;777;8;0;52.9828;271;100;381;100;271;319;381;319
set235_color;778;8;0;52.8186;280;102;388;102;280;319;388;319
set235_color;779;8;0;57.2421;282;124;382;124;282;324;382;324
set235_color;780;8;0;67.029;280;83;401;83;280;325;401;325
set235_color;781;8;0;59.2229;293;89;414;89;293;331;414;331
set235_color;781;8;0;59.2229;286;172;360;172;286;320;360;320
set235_color;782;8;0;55.1659;287;167;364;167;287;320;364;320
set235_color;783;8;0;57.6432;291;170;365;170;291;319;365;319
set235_color;784;8;0;52.06;292;169;366;169;292;318;366;318
set235_color;785;8;0;57.0637;292;166;367;166;292;318;367;318
set235_color;786;8;0;53.0346;334;98;440;98;334;314;440;314
set235_color;786;8;0;53.0346;295;167;372;167;295;322;372;322
set235_color;787;8;0;51.8621;334;97;444;97;334;318;444;318
set235_color;787;8;0;51.8621;295;166;370;166;295;318;370;318
set235_color;788;8;0;55.6319;296;166;373;166;296;321;373;321
set235_color;789;8;0;58.843;352;98;458;98;352;314;458;314
set235_color;789;8;0;58.843;299;165;376;165;299;318;376;318
set235_color;790;8;0;53.2675;352;98;458;98;352;314;458;314
set235_color;790;8;0;53.2675;297;165;372;165;297;317;372;317
set235_color;791;8;0;55.7746;300;165;374;165;300;313;374;313
set235_color;791;8;0;55.7746;367;153;451;153;367;322;451;322
set235_color;792;8;0;55.2616;369;118;468;118;369;315;468;315
set235_color;792;8;0;55.2616;304;169;377;169;304;316;377;316
set235_color;793;8;0;54.69;370;104;475;104;370;318;475;318
set235_color;793;8;0;54.69;304;167;377;167;304;314;377;314
set235_color;794;8;0;64.1983;379;115;482;115;379;320;482;320
set235_color;794;8;0;64.1983;305;166;378;166;305;313;378;313
set235_color;795;8;0;54.3059;306;166;380;166;306;313;380;313
set235_color;796;8;0;54.8674;308;166;382;166;308;314;382;314
set235_color;797;8;0;68.0966;310;162;384;162;310;311;384;311
set235_color;798;8;0;57.8724;312;161;389;161;312;317;389;317
set235_color;799;8;0;58.8758;310;159;385;159;310;311;385;311
set235_color;800;8;0;59.6893;312;157;391;157;312;315;391;315
set235_color;801;8;0;58.5693;313;156;392;156;313;314;392;314
set235_color;802;8;0;66.2448;314;156;393;156;314;313;393;313
set235_color;803;8;0;58.7956;317;156;395;156;317;313;395;313
set235_color;804;8;0;60.431;318;154;397;154;318;312;397;312
set235_color;805;8;0;58.094;321;153;400;153;321;311;400;311
set235_color;806;8;0;59.0922;323;156;401;156;323;313;401;313
set235_color;807;8;0;63.3873;323;154;402;154;323;312;402;312
set235_color;808;8;0;57.287;326;156;405;156;326;317;405;317
set235_color;808;8;0;57.287;460;113;548;113;460;291;548;291
set235_color;809;8;0;52.8513;325;153;407;153;325;318;407;318
set235_color;810;8;0;55.2003;325;150;409;150;325;318;409;318
set235_color;811;8;0;58.9908;325;149;409;149;325;317;409;317
set235_color;812;8;0;58.0348;325;148;409;148;325;316;409;316
set235_color;813;8;0;53.1319;325;146;408;146;325;314;408;314
set235_color;814;8;0;58.1764;325;148;407;148;325;313;407;313
set235_color;815;8;0;57.5479;325;152;405;152;325;314;405;314
set235_color;816;8;0;57.9971;323;152;402;152;323;313;402;313
set235_color;817;8;0;53.5637;321;148;401;148;321;310;401;310
set235_color;818;8;0;51.8965;313;143;400;143;313;318;400;318
set235_color;819;8;0;55.8975;310;137;400;137;310;319;400;319
set235_color;820;8;0;60.9631;308;135;399;135;308;318;399;318
set235_color;821;8;0;61.5404;306;132;397;132;306;315;397;315
set235_color;822;8;0;59.6695;304;128;396;128;304;312;396;312
set235_color;823;8;0;53.484;300;123;397;123;300;318;397;318
set235_color;824;8;0;56.5171;297;127;390;127;297;315;390;315
set235_color;825;8;0;53.5112;291;122;390;122;291;319;390;319
set235_color;826;8;0;58.601;288;119;385;119;288;316;385;316
set235_color;827;8;0;56.6374;284;118;384;118;284;318;384;318
set235_color;828;8;0;55.763;283;115;383;115;283;315;383;315
set235_color;829;8;0;53.3783;270;101;382;101;270;326;382;326
set235_color;830;8;0;54.3191;269;101;373;101;269;310;373;310
set235_color;831;8;0;54.243;266;104;371;104;266;316;371;316
set235_color;832;8;0;53.5923;258;106;364;106;258;322;364;322
set235_color;833;8;0;54.2295;249;98;359;98;249;317;359;317
set235_color;833;8;0;54.2295;378;120;473;120;378;311;473;311
set235_color;834;8;0;53.0181;243;89;356;89;243;318;356;318
set235_color;834;8;0;53.0181;370;120;465;120;370;311;465;311
set235_color;835;8;0;61.8638;371;128;466;128;371;318;466;318
set235_color;835;8;0;61.8638;236;93;345;93;236;312;345;312
set235_color;836;8;0;53.543;226;104;336;104;226;327;336;327
set235_color;837;8;0;52.8794;224;100;330;100;224;314;330;314
set235_color;837;8;0;52.8794;364;124;459;124;364;316;459;316
set235_color;838;8;0;53.4255;215;79;329;79;215;309;329;309
set235_color;838;8;0;53.4255;364;130;446;130;364;295;446;295
set235_color;839;8;0;57.7852;204;87;322;87;204;326;322;326
set235_color;840;8;0;55.3525;202;74;314;74;202;300;314;300
set235_color;841;8;0;53.9009;188;74;314;74;188;326;314;326
set235_color;842;8;0;62.8088;185;76;306;76;185;319;306;319
set235_color;843;8;0;55.5408;179;76;300;76;179;318;300;318
set235_color;844;8;0;57.6675;167;48;298;48;167;312;298;312
set235_color;845;8;0;54.1532;153;41;289;41;153;316;289;316
set235_color;845;8;0;54.1532;310;120;398;120;310;297;398;297
set235_color;846;8;0;55.3156;145;39;283;39;145;317;283;317
set235_color;847;8;0;53.3527;137;37;277;37;137;318;277;318
set235_color;848;8;0;53.0406;130;37;269;37;130;316;269;316
set235_color;849;8;0;56.9984;115;39;259;39;115;329;259;329
set235_color;849;8;0;56.9984;293;127;385;127;293;311;385;311
set235_color;850;8;0;53.3908;100;29;249;29;100;328;249;328
set235_color;850;8;0;53.3908;286;114;387;114;286;319;387;319
set235_color;851;8;0;54.8583;93;27;233;27;93;309;233;309
set235_color;851;8;0;54.8583;283;133;371;133;283;311;371;311
set235_color;852;8;0;54.7905;279;133;366;133;279;307;366;307
set235_color;852;8;0;54.7905;75;27;227;27;75;330;227;330
set235_color;853;8;0;54.5914;274;133;365;133;274;316;365;316
set235_color;855;8;0;57.9325;46;26;193;26;46;318;193;318
set235_color;856;8;0;59.4256;91;41;164;41;91;186;164;186
set235_color;859;8;0;59.3929;9;196;82;196;9;341;82;341
set235_color;861;8;0;57.2691;206;109;307;109;206;314;307;314
set235_color;864;8;0;54.0101;193;113;296;113;193;318;296;318
set235_color;865;8;0;54.2614;183;101;293;101;183;322;293;322
set235_color;866;8;0;53.4418;179;109;283;109;179;318;283;318
set235_color;867;8;0;52.8781;175;106;280;106;175;316;280;316
set235_color;868;8;0;54.4561;172;107;277;107;172;319;277;319
set235_color;870;8;0;55.5896;162;101;267;101;162;313;267;313
set235_color;871;8;0;57.5917;152;98;261;98;152;317;261;317
set235_color;872;8;0;58.7129;152;98;261;98;152;317;261;317
set235_color;873;8;0;58.3994;143;93;258;93;143;327;258;327
set235_color;874;8;0;55.8391;133;88;251;88;133;326;251;326
set235_color;875;8;0;75.1624;131;89;248;89;131;324;248;324
set235_color;876;8;0;78.822;128;85;243;85;128;317;243;317
set235_color;877;8;0;68.3168;128;88;238;88;128;309;238;309
set235_color;878;8;0;53.3623;122;84;236;84;122;313;236;313
set235_color;879;8;0;54.9234;111;84;230;84;111;324;230;324
set235_color;880;8;0;51.895;107;78;228;78;107;320;228;320
set235_color;881;8;0;56.1441;92;63;228;63;92;338;228;338
set235_color;882;8;0;51.788;88;59;230;59;88;342;230;342
set235_color;883;8;0;57.2386;85;63;220;63;85;333;220;333
set235_color;884;8;0;54.5735;84;63;220;63;84;335;220;335
set235_color;885;8;0;58.5291;80;53;223;53;80;340;223;340
set235_color;886;8;0;58.5426;81;53;223;53;81;338;223;338
set235_color;887;8;0;57.0166;84;55;226;55;84;337;226;337
set235_color;887;8;0;57.0166;551;237;624;237;551;382;624;382
set235_color;888;8;0;57.2221;83;53;227;53;83;343;227;343
set235_color;889;8;0;59.4949;83;46;230;46;83;338;230;338
set235_color;890;8;0;69.9901;84;45;229;45;84;336;229;336
set235_color;891;8;0;66.6802;88;41;235;41;88;336;235;336
set235_color;892;8;0;71.2461;88;41;235;41;88;337;235;337
set235_color;893;8;0;58.5403;98;45;236;45;98;322;236;322
set235_color;894;8;0;59.7493;100;46;242;46;100;331;242;331
